F,L,_,a,n,g,_,l,a,t,e,r,a,l
510,508,507,505,503,501,500,498,496,494,493,491,489,487,486,484,482,481,479,477,476,474,472,471,471,471,471,471,471,471,471,471,471,471,469,468,466,465,463,462,460,459,458,456,455,454,452,451,450,449,447,446,445,444,443,442,441,440,439,438,437,436,436,435,434,433,433,432,431,431,430,430,429,429,429,428,428,428,427,427,427,427,427,427,427,427,427,427,427,427,427,427,427,427,427,427,427,428,429,431,433,435,437,440,443,446,450,454,458,462,466,471,476,481,486,491,496,501,507,512,517,523,528,533,538,543,548,553,558,562,566,570,574,578,581,584,587,589,591,593,595,596,597,597,597,597,597,597,597,597,597,597,597,597,597,597,597,597,597,597,597,596,596,596,595,595,595,594,594,593,593,592,591,591,590,589,588,588,587,586,585,584,583,582,581,580,579,578,577,575,574,573,572,570,569,568,566,565,564,562,561,559,558,556,555,555,555,555,555,555,555,555,555,555,555,553,552,550,548,547,545,543,542,540,538,537,535,533,531,530,528,526,524,523,521,519,517,516,514,512,510
F,L,_,a,n,g,_,v,e,r,t
727,728,728,729,730,730,731,731,732,733,733,734,734,735,735,735,736,736,736,737,737,737,737,737,737,737,737,737,737,737,737,737,737,737,737,737,737,737,737,737,737,737,736,736,736,735,735,735,734,734,733,733,732,731,731,730,730,729,728,728,727,727,727,727,727,727,727,727,727,727,727,727,727,727,727,727,727,727,727,727,727,727,727,727,727,727,727,727,727,727,727,727,727,727,512,512,512,512,512,512,512,512,512,512,512,512,512,512,512,512,512,512,512,512,512,512,512,512,512,512,512,512,512,512,512,512,512,512,512,512,512,512,512,512,512,512,512,512,512,512,512,512,512,512,512,727,727,727,727,727,727,727,727,727,727,727,727,727,727,727,727,727,727,727,727,727,727,727,727,727,727,727,727,727,727,727,727,727,727,727,727,727,727,727,727,727,727,727,727,727,727,727,727,727,727,727,727,727,727,727,727,727,727,727,727,727,727,727,727,727,727,727,727,727,727,727,727,727,727,727,727,728,728,728,729,729,730,730,731,731,732,732,733,734,734,735,736,736,737,738,738
F,R,_,a,n,g,_,l,a,t,e,r,a,l
517,523,528,533,538,543,548,553,558,562,566,570,574,578,581,584,587,589,591,593,595,596,597,597,597,597,597,597,597,597,597,597,597,597,597,597,597,597,597,597,597,596,596,596,595,595,595,594,594,593,593,592,591,591,590,589,588,588,587,586,585,584,583,582,581,580,579,578,577,575,574,573,572,570,569,568,566,565,564,562,561,559,558,556,556,556,556,556,556,556,556,556,556,556,555,553,552,550,548,547,545,543,542,540,538,537,535,533,531,530,528,526,524,523,521,519,517,516,514,512,510,508,507,505,503,501,500,498,496,494,493,491,489,487,486,484,482,481,479,477,476,474,472,471,469,469,469,469,469,469,469,469,469,469,469,468,466,465,463,462,460,459,458,456,455,454,452,451,450,449,447,446,445,444,443,442,441,440,439,438,437,436,436,435,434,433,433,432,431,431,430,430,429,429,429,428,428,428,427,427,427,427,427,427,427,427,427,427,427,427,427,427,427,427,427,427,427,428,429,431,433,435,437,440,443,446,450,454,458,462,466,471,476,481,486,491,496,501,507,512,517
F,R,_,a,n,g,_,v,e,r,t
512,512,512,512,512,512,512,512,512,512,512,512,512,512,512,512,512,512,512,512,512,512,512,512,727,727,727,727,727,727,727,727,727,727,727,727,727,727,727,727,727,727,727,727,727,727,727,727,727,727,727,727,727,727,727,727,727,727,727,727,727,727,727,727,727,727,727,727,727,727,727,727,727,727,727,727,727,727,727,727,727,727,727,727,727,727,727,727,727,727,727,727,727,727,727,727,727,727,727,727,727,728,728,728,729,729,730,730,731,731,732,732,733,734,734,735,736,736,737,738,738,739,740,740,741,741,742,742,743,743,744,744,745,745,746,746,746,747,747,747,747,747,748,748,748,748,748,748,748,748,748,748,748,748,748,748,748,748,748,747,747,747,747,747,746,746,746,745,745,744,744,743,743,742,742,741,741,740,740,739,738,738,737,736,736,735,734,734,733,732,732,731,731,730,730,729,729,728,728,728,727,727,727,727,727,727,727,727,727,727,727,727,727,727,727,512,512,512,512,512,512,512,512,512,512,512,512,512,512,512,512,512,512,512,512,512,512,512,512,512,512
H,L,_,a,n,g,_,l,a,t,e,r,a,l
437,436,436,435,434,433,433,432,431,431,430,430,429,429,429,428,428,428,427,427,427,427,427,427,427,427,427,427,427,427,427,427,427,427,427,427,427,428,429,431,433,435,437,440,443,446,450,454,458,462,466,471,476,481,486,491,496,501,507,512,517,523,528,533,538,543,548,553,558,562,566,570,574,578,581,584,587,589,591,593,595,596,597,597,597,597,597,597,597,597,597,597,597,597,597,597,597,597,597,597,597,596,596,596,595,595,595,594,594,593,593,592,591,591,590,589,588,588,587,586,585,584,583,582,581,580,579,578,577,575,574,573,572,570,569,568,566,565,564,562,561,559,558,556,555,555,555,555,555,555,555,555,555,555,555,553,552,550,548,547,545,543,542,540,538,537,535,533,531,530,528,526,524,523,521,519,517,516,514,512,510,508,507,505,503,501,500,498,496,494,493,491,489,487,486,484,482,481,479,477,476,474,472,471,469,469,469,469,469,469,469,469,469,469,469,468,466,465,463,462,460,459,458,456,455,454,452,451,450,449,447,446,445,444,443,442,441,440,439,438,437
H,L,_,a,n,g,_,v,e,r,t
727,727,727,727,727,727,727,727,727,727,727,727,727,727,727,727,727,727,727,727,727,727,727,727,727,727,727,727,727,727,727,727,727,727,512,512,512,512,512,512,512,512,512,512,512,512,512,512,512,512,512,512,512,512,512,512,512,512,512,512,512,512,512,512,512,512,512,512,512,512,512,512,512,512,512,512,512,512,512,512,512,512,512,512,727,727,727,727,727,727,727,727,727,727,727,727,727,727,727,727,727,728,728,728,729,729,730,730,731,731,732,732,733,734,734,735,736,736,737,738,738,739,740,740,741,741,742,742,743,743,744,744,745,745,746,746,746,747,747,747,747,747,748,748,748,748,748,748,748,748,748,748,748,748,748,748,748,748,748,747,747,747,747,747,746,746,746,745,745,744,744,743,743,742,742,741,741,740,740,739,738,738,737,736,736,735,734,734,733,732,732,731,731,730,730,729,729,728,728,728,727,727,727,727,727,727,727,727,727,727,727,727,727,727,727,727,727,727,727,727,727,727,727,727,727,727,727,727,727,727,727,727,727,727,727,727,727,727,727,727,727
H,R,_,a,n,g,_,l,a,t,e,r,a,l
585,584,583,582,581,580,579,578,577,575,574,573,572,570,569,568,566,565,564,562,561,559,558,556,556,556,556,556,556,556,556,556,556,556,555,553,552,550,548,547,545,543,542,540,538,537,535,533,531,530,528,526,524,523,521,519,517,516,514,512,510,508,507,505,503,501,500,498,496,494,493,491,489,487,486,484,482,481,479,477,476,474,472,471,471,471,471,471,471,471,471,471,471,471,469,468,466,465,463,462,460,459,458,456,455,454,452,451,450,449,447,446,445,444,443,442,441,440,439,438,437,436,436,435,434,433,433,432,431,431,430,430,429,429,429,428,428,428,427,427,427,427,427,427,427,427,427,427,427,427,427,427,427,427,427,427,427,428,429,431,433,435,437,440,443,446,450,454,458,462,466,471,476,481,486,491,496,501,507,512,517,523,528,533,538,543,548,553,558,562,566,570,574,578,581,584,587,589,591,593,595,596,597,597,597,597,597,597,597,597,597,597,597,597,597,597,597,597,597,597,597,596,596,596,595,595,595,594,594,593,593,592,591,591,590,589,588,588,587,586,585
H,R,_,a,n,g,_,v,e,r,t
727,728,728,729,730,730,731,731,732,733,733,734,734,735,735,735,736,736,736,737,737,737,737,737,737,737,737,737,737,737,737,737,737,737,737,737,737,737,737,737,737,737,736,736,736,735,735,735,734,734,733,733,732,731,731,730,730,729,728,728,727,727,727,727,727,727,727,727,727,727,727,727,727,727,727,727,727,727,727,727,727,727,727,727,727,727,727,727,727,727,727,727,727,727,727,727,727,727,727,727,727,727,727,727,727,727,727,727,727,727,727,727,727,727,727,727,727,727,727,727,727,727,727,727,727,727,727,727,727,727,727,727,727,727,727,727,727,727,727,727,727,727,727,727,727,727,727,727,727,727,727,727,727,727,727,512,512,512,512,512,512,512,512,512,512,512,512,512,512,512,512,512,512,512,512,512,512,512,512,512,512,512,512,512,512,512,512,512,512,512,512,512,512,512,512,512,512,512,512,512,512,512,512,512,512,727,727,727,727,727,727,727,727,727,727,727,727,727,727,727,727,728,728,728,729,729,730,730,731,731,732,732,733,734,734,735,736,736,737,738,738
b,o,d,y,_,l,a,t,e,r,a,l,_,1
540,538,536,534,531,529,526,524,521,519,516,513,511,508,505,503,500,498,495,493,490,488,486,484,484,484,484,484,484,484,484,484,484,484,482,480,478,477,475,474,473,472,471,470,470,470,469,469,470,470,470,471,472,473,474,475,477,478,480,482,484,486,488,490,493,495,498,500,503,505,508,511,513,516,519,521,524,526,529,531,534,536,538,540,540,540,540,540,540,540,540,540,540,540,542,544,546,547,549,550,551,552,553,554,554,554,555,555,554,554,554,553,552,551,550,549,547,546,544,542,540,538,536,534,531,529,526,524,521,519,516,513,511,508,505,503,500,498,495,493,490,488,486,484,482,482,482,482,482,482,482,482,482,482,482,480,478,477,475,474,473,472,471,470,470,470,469,469,470,470,470,471,472,473,474,475,477,478,480,482,484,486,488,490,493,495,498,500,503,505,508,511,513,516,519,521,524,526,529,531,534,536,538,540,542,542,542,542,542,542,542,542,542,542,542,544,546,547,549,550,551,552,553,554,554,554,555,555,554,554,554,553,552,551,550,549,547,546,544,542,540
b,o,d,y,_,l,a,t,e,r,a,l,_,2
540,538,536,534,531,529,526,524,521,519,516,513,511,508,505,503,500,498,495,493,490,488,486,484,484,484,484,484,484,484,484,484,484,484,482,480,478,477,475,474,473,472,471,470,470,470,469,469,470,470,470,471,472,473,474,475,477,478,480,482,484,486,488,490,493,495,498,500,503,505,508,511,513,516,519,521,524,526,529,531,534,536,538,540,540,540,540,540,540,540,540,540,540,540,542,544,546,547,549,550,551,552,553,554,554,554,555,555,554,554,554,553,552,551,550,549,547,546,544,542,540,538,536,534,531,529,526,524,521,519,516,513,511,508,505,503,500,498,495,493,490,488,486,484,482,482,482,482,482,482,482,482,482,482,482,480,478,477,475,474,473,472,471,470,470,470,469,469,470,470,470,471,472,473,474,475,477,478,480,482,484,486,488,490,493,495,498,500,503,505,508,511,513,516,519,521,524,526,529,531,534,536,538,540,542,542,542,542,542,542,542,542,542,542,542,544,546,547,549,550,551,552,553,554,554,554,555,555,554,554,554,553,552,551,550,549,547,546,544,542,540
b,o,d,y,_,v,e,r,t
512,512,512,512,512,512,512,512,512,512,512,512,512,512,512,512,512,512,512,512,512,512,512,512,512,512,512,512,512,512,512,512,512,512,512,512,512,512,512,512,512,512,512,512,512,512,512,512,512,512,512,512,512,512,512,512,512,512,512,512,512,512,512,512,512,512,512,512,512,512,512,512,512,512,512,512,512,512,512,512,512,512,512,512,512,512,512,512,512,512,512,512,512,512,512,512,512,512,512,512,512,512,512,512,512,512,512,512,512,512,512,512,512,512,512,512,512,512,512,512,512,512,512,512,512,512,512,512,512,512,512,512,512,512,512,512,512,512,512,512,512,512,512,512,512,512,512,512,512,512,512,512,512,512,512,512,512,512,512,512,512,512,512,512,512,512,512,512,512,512,512,512,512,512,512,512,512,512,512,512,512,512,512,512,512,512,512,512,512,512,512,512,512,512,512,512,512,512,512,512,512,512,512,512,512,512,512,512,512,512,512,512,512,512,512,512,512,512,512,512,512,512,512,512,512,512,512,512,512,512,512,512,512,512,512,512,512,512,512,512,512
